<Move>: 1
<Mat>
0 0 1 1 1 1 1 0 
1 1 1 0 0 0 1 0 
1 0 2 0 1 0 1 1 
1 0 1 0 0 3 0 1 
1 0 0 0 0 1 0 1 
1 1 0 1 0 0 0 1 
0 1 0 0 0 1 1 1 
0 1 1 1 1 1 0 0 

<Moves>
1

<winCounter>
0

<Position>
	<X>
		5
	<Y>
		2

<Move>: 2
<Mat>
0 0 1 1 1 1 1 0 
1 1 1 0 0 0 1 0 
1 0 2 0 1 0 1 1 
1 0 1 0 0 3 0 1 
1 0 0 0 0 1 0 1 
1 1 0 1 0 0 0 1 
0 1 0 0 0 1 1 1 
0 1 1 1 1 1 0 0 

<Moves>
2

<winCounter>
0

<Position>
	<X>
		4
	<Y>
		2

<Move>: 3
<Mat>
0 0 1 1 1 1 1 0 
1 1 1 0 0 0 1 0 
1 0 2 0 1 0 1 1 
1 0 1 0 0 3 0 1 
1 0 0 0 0 1 0 1 
1 1 0 1 0 0 0 1 
0 1 0 0 0 1 1 1 
0 1 1 1 1 1 0 0 

<Moves>
3

<winCounter>
0

<Position>
	<X>
		4
	<Y>
		1

<Move>: 4
<Mat>
0 0 1 1 1 1 1 0 
1 1 1 0 0 0 1 0 
1 0 2 0 1 0 1 1 
1 0 1 0 0 3 0 1 
1 0 0 0 0 1 0 1 
1 1 0 1 0 0 0 1 
0 1 0 0 0 1 1 1 
0 1 1 1 1 1 0 0 

<Moves>
4

<winCounter>
0

<Position>
	<X>
		3
	<Y>
		1

<Move>: 5
<Mat>
0 0 1 1 1 1 1 0 
1 1 1 0 0 0 1 0 
1 0 2 0 1 0 1 1 
1 0 1 0 0 3 0 1 
1 0 0 0 0 1 0 1 
1 1 0 1 0 0 0 1 
0 1 0 0 0 1 1 1 
0 1 1 1 1 1 0 0 

<Moves>
5

<winCounter>
0

<Position>
	<X>
		2
	<Y>
		1

<Move>: 6
<Mat>
0 0 1 1 1 1 1 0 
1 1 1 0 0 0 1 0 
1 0 0 2 1 0 1 1 
1 0 1 0 0 3 0 1 
1 0 0 0 0 1 0 1 
1 1 0 1 0 0 0 1 
0 1 0 0 0 1 1 1 
0 1 1 1 1 1 0 0 

<Moves>
6

<winCounter>
0

<Position>
	<X>
		2
	<Y>
		2

<Move>: 7
<Mat>
0 0 1 1 1 1 1 0 
1 1 1 0 0 0 1 0 
1 0 0 2 1 0 1 1 
1 0 1 0 0 3 0 1 
1 0 0 0 0 1 0 1 
1 1 0 1 0 0 0 1 
0 1 0 0 0 1 1 1 
0 1 1 1 1 1 0 0 

<Moves>
7

<winCounter>
0

<Position>
	<X>
		2
	<Y>
		1

<Move>: 8
<Mat>
0 0 1 1 1 1 1 0 
1 1 1 0 0 0 1 0 
1 0 0 2 1 0 1 1 
1 0 1 0 0 3 0 1 
1 0 0 0 0 1 0 1 
1 1 0 1 0 0 0 1 
0 1 0 0 0 1 1 1 
0 1 1 1 1 1 0 0 

<Moves>
8

<winCounter>
0

<Position>
	<X>
		3
	<Y>
		1

<Move>: 9
<Mat>
0 0 1 1 1 1 1 0 
1 1 1 0 0 0 1 0 
1 0 0 2 1 0 1 1 
1 0 1 0 0 3 0 1 
1 0 0 0 0 1 0 1 
1 1 0 1 0 0 0 1 
0 1 0 0 0 1 1 1 
0 1 1 1 1 1 0 0 

<Moves>
9

<winCounter>
0

<Position>
	<X>
		4
	<Y>
		1

<Move>: 10
<Mat>
0 0 1 1 1 1 1 0 
1 1 1 0 0 0 1 0 
1 0 0 2 1 0 1 1 
1 0 1 0 0 3 0 1 
1 0 0 0 0 1 0 1 
1 1 0 1 0 0 0 1 
0 1 0 0 0 1 1 1 
0 1 1 1 1 1 0 0 

<Moves>
10

<winCounter>
0

<Position>
	<X>
		4
	<Y>
		2

<Move>: 11
<Mat>
0 0 1 1 1 1 1 0 
1 1 1 0 0 0 1 0 
1 0 0 2 1 0 1 1 
1 0 1 0 0 3 0 1 
1 0 0 0 0 1 0 1 
1 1 0 1 0 0 0 1 
0 1 0 0 0 1 1 1 
0 1 1 1 1 1 0 0 

<Moves>
11

<winCounter>
0

<Position>
	<X>
		4
	<Y>
		3

<Move>: 12
<Mat>
0 0 1 1 1 1 1 0 
1 1 1 0 0 0 1 0 
1 0 0 2 1 0 1 1 
1 0 1 0 0 3 0 1 
1 0 0 0 0 1 0 1 
1 1 0 1 0 0 0 1 
0 1 0 0 0 1 1 1 
0 1 1 1 1 1 0 0 

<Moves>
12

<winCounter>
0

<Position>
	<X>
		3
	<Y>
		3

<Move>: 13
<Mat>
0 0 1 1 1 1 1 0 
1 1 1 0 0 0 1 0 
1 0 0 2 1 0 1 1 
1 0 1 0 0 3 0 1 
1 0 0 0 0 1 0 1 
1 1 0 1 0 0 0 1 
0 1 0 0 0 1 1 1 
0 1 1 1 1 1 0 0 

<Moves>
13

<winCounter>
0

<Position>
	<X>
		3
	<Y>
		4

<Move>: 14
<Mat>
0 0 1 1 1 1 1 0 
1 1 1 0 0 0 1 0 
1 0 0 2 1 0 1 1 
1 0 1 0 0 3 0 1 
1 0 0 0 0 1 0 1 
1 1 0 1 0 0 0 1 
0 1 0 0 0 1 1 1 
0 1 1 1 1 1 0 0 

<Moves>
14

<winCounter>
0

<Position>
	<X>
		3
	<Y>
		5

<Move>: 15
<Mat>
0 0 1 1 1 1 1 0 
1 1 1 0 0 0 1 0 
1 0 0 2 1 0 1 1 
1 0 1 0 0 3 0 1 
1 0 0 0 0 1 0 1 
1 1 0 1 0 0 0 1 
0 1 0 0 0 1 1 1 
0 1 1 1 1 1 0 0 

<Moves>
15

<winCounter>
0

<Position>
	<X>
		2
	<Y>
		5

<Move>: 16
<Mat>
0 0 1 1 1 1 1 0 
1 1 1 0 0 0 1 0 
1 0 0 2 1 0 1 1 
1 0 1 0 0 3 0 1 
1 0 0 0 0 1 0 1 
1 1 0 1 0 0 0 1 
0 1 0 0 0 1 1 1 
0 1 1 1 1 1 0 0 

<Moves>
16

<winCounter>
0

<Position>
	<X>
		1
	<Y>
		5

<Move>: 17
<Mat>
0 0 1 1 1 1 1 0 
1 1 1 0 0 0 1 0 
1 0 0 2 1 0 1 1 
1 0 1 0 0 3 0 1 
1 0 0 0 0 1 0 1 
1 1 0 1 0 0 0 1 
0 1 0 0 0 1 1 1 
0 1 1 1 1 1 0 0 

<Moves>
17

<winCounter>
0

<Position>
	<X>
		1
	<Y>
		4

<Move>: 18
<Mat>
0 0 1 1 1 1 1 0 
1 1 1 0 0 0 1 0 
1 0 0 2 1 0 1 1 
1 0 1 0 0 3 0 1 
1 0 0 0 0 1 0 1 
1 1 0 1 0 0 0 1 
0 1 0 0 0 1 1 1 
0 1 1 1 1 1 0 0 

<Moves>
18

<winCounter>
0

<Position>
	<X>
		1
	<Y>
		3

<Move>: 19
<Mat>
0 0 1 1 1 1 1 0 
1 1 1 0 0 0 1 0 
1 0 0 0 1 0 1 1 
1 0 1 2 0 3 0 1 
1 0 0 0 0 1 0 1 
1 1 0 1 0 0 0 1 
0 1 0 0 0 1 1 1 
0 1 1 1 1 1 0 0 

<Moves>
19

<winCounter>
0

<Position>
	<X>
		2
	<Y>
		3

<Move>: 20
<Mat>
0 0 1 1 1 1 1 0 
1 1 1 0 0 0 1 0 
1 0 0 0 1 0 1 1 
1 0 1 0 0 3 0 1 
1 0 0 2 0 1 0 1 
1 1 0 1 0 0 0 1 
0 1 0 0 0 1 1 1 
0 1 1 1 1 1 0 0 

<Moves>
20

<winCounter>
0

<Position>
	<X>
		3
	<Y>
		3

<Move>: 21
<Mat>
0 0 1 1 1 1 1 0 
1 1 1 0 0 0 1 0 
1 0 0 0 1 0 1 1 
1 0 1 0 0 3 0 1 
1 0 0 2 0 1 0 1 
1 1 0 1 0 0 0 1 
0 1 0 0 0 1 1 1 
0 1 1 1 1 1 0 0 

<Moves>
21

<winCounter>
0

<Position>
	<X>
		2
	<Y>
		3

<Move>: 22
<Mat>
0 0 1 1 1 1 1 0 
1 1 1 0 0 0 1 0 
1 0 0 0 1 0 1 1 
1 0 1 0 0 3 0 1 
1 0 0 2 0 1 0 1 
1 1 0 1 0 0 0 1 
0 1 0 0 0 1 1 1 
0 1 1 1 1 1 0 0 

<Moves>
22

<winCounter>
0

<Position>
	<X>
		2
	<Y>
		2

<Move>: 23
<Mat>
0 0 1 1 1 1 1 0 
1 1 1 0 0 0 1 0 
1 0 0 0 1 0 1 1 
1 0 1 0 0 3 0 1 
1 0 0 2 0 1 0 1 
1 1 0 1 0 0 0 1 
0 1 0 0 0 1 1 1 
0 1 1 1 1 1 0 0 

<Moves>
23

<winCounter>
0

<Position>
	<X>
		2
	<Y>
		1

<Move>: 1
<Mat>
0 0 1 1 1 1 1 0 
1 1 1 0 0 0 1 0 
1 0 2 0 1 0 1 1 
1 0 1 0 0 3 0 1 
1 0 0 0 0 1 0 1 
1 1 0 1 0 0 0 1 
0 1 0 0 0 1 1 1 
0 1 1 1 1 1 0 0 

<Moves>
2

<winCounter>
0

<Position>
	<X>
		4
	<Y>
		2

<Move>: 2
<Mat>
0 0 1 1 1 1 1 0 
1 1 1 0 0 0 1 0 
1 0 2 0 1 0 1 1 
1 0 1 0 0 3 0 1 
1 0 0 0 0 1 0 1 
1 1 0 1 0 0 0 1 
0 1 0 0 0 1 1 1 
0 1 1 1 1 1 0 0 

<Moves>
3

<winCounter>
0

<Position>
	<X>
		4
	<Y>
		1

<Move>: 3
<Mat>
0 0 1 1 1 1 1 0 
1 1 1 0 0 0 1 0 
1 0 2 0 1 0 1 1 
1 0 1 0 0 3 0 1 
1 0 0 0 0 1 0 1 
1 1 0 1 0 0 0 1 
0 1 0 0 0 1 1 1 
0 1 1 1 1 1 0 0 

<Moves>
4

<winCounter>
0

<Position>
	<X>
		3
	<Y>
		1

<Move>: 4
<Mat>
0 0 1 1 1 1 1 0 
1 1 1 0 0 0 1 0 
1 0 2 0 1 0 1 1 
1 0 1 0 0 3 0 1 
1 0 0 0 0 1 0 1 
1 1 0 1 0 0 0 1 
0 1 0 0 0 1 1 1 
0 1 1 1 1 1 0 0 

<Moves>
5

<winCounter>
0

<Position>
	<X>
		2
	<Y>
		1

<Move>: 5
<Mat>
0 0 1 1 1 1 1 0 
1 1 1 0 0 0 1 0 
1 0 0 2 1 0 1 1 
1 0 1 0 0 3 0 1 
1 0 0 0 0 1 0 1 
1 1 0 1 0 0 0 1 
0 1 0 0 0 1 1 1 
0 1 1 1 1 1 0 0 

<Moves>
6

<winCounter>
0

<Position>
	<X>
		2
	<Y>
		2

<Move>: 6
<Mat>
0 0 1 1 1 1 1 0 
1 1 1 0 0 0 1 0 
1 0 0 2 1 0 1 1 
1 0 1 0 0 3 0 1 
1 0 0 0 0 1 0 1 
1 1 0 1 0 0 0 1 
0 1 0 0 0 1 1 1 
0 1 1 1 1 1 0 0 

<Moves>
7

<winCounter>
0

<Position>
	<X>
		2
	<Y>
		1

<Move>: 7
<Mat>
0 0 1 1 1 1 1 0 
1 1 1 0 0 0 1 0 
1 0 0 2 1 0 1 1 
1 0 1 0 0 3 0 1 
1 0 0 0 0 1 0 1 
1 1 0 1 0 0 0 1 
0 1 0 0 0 1 1 1 
0 1 1 1 1 1 0 0 

<Moves>
8

<winCounter>
0

<Position>
	<X>
		3
	<Y>
		1

<Move>: 8
<Mat>
0 0 1 1 1 1 1 0 
1 1 1 0 0 0 1 0 
1 0 0 2 1 0 1 1 
1 0 1 0 0 3 0 1 
1 0 0 0 0 1 0 1 
1 1 0 1 0 0 0 1 
0 1 0 0 0 1 1 1 
0 1 1 1 1 1 0 0 

<Moves>
9

<winCounter>
0

<Position>
	<X>
		4
	<Y>
		1

<Move>: 9
<Mat>
0 0 1 1 1 1 1 0 
1 1 1 0 0 0 1 0 
1 0 0 2 1 0 1 1 
1 0 1 0 0 3 0 1 
1 0 0 0 0 1 0 1 
1 1 0 1 0 0 0 1 
0 1 0 0 0 1 1 1 
0 1 1 1 1 1 0 0 

<Moves>
10

<winCounter>
0

<Position>
	<X>
		4
	<Y>
		2

<Move>: 10
<Mat>
0 0 1 1 1 1 1 0 
1 1 1 0 0 0 1 0 
1 0 0 2 1 0 1 1 
1 0 1 0 0 3 0 1 
1 0 0 0 0 1 0 1 
1 1 0 1 0 0 0 1 
0 1 0 0 0 1 1 1 
0 1 1 1 1 1 0 0 

<Moves>
11

<winCounter>
0

<Position>
	<X>
		4
	<Y>
		3

<Move>: 11
<Mat>
0 0 1 1 1 1 1 0 
1 1 1 0 0 0 1 0 
1 0 0 2 1 0 1 1 
1 0 1 0 0 3 0 1 
1 0 0 0 0 1 0 1 
1 1 0 1 0 0 0 1 
0 1 0 0 0 1 1 1 
0 1 1 1 1 1 0 0 

<Moves>
12

<winCounter>
0

<Position>
	<X>
		4
	<Y>
		4

<Move>: 12
<Mat>
0 0 1 1 1 1 1 0 
1 1 1 0 0 0 1 0 
1 0 0 2 1 0 1 1 
1 0 1 0 0 3 0 1 
1 0 0 0 0 1 0 1 
1 1 0 1 0 0 0 1 
0 1 0 0 0 1 1 1 
0 1 1 1 1 1 0 0 

<Moves>
13

<winCounter>
0

<Position>
	<X>
		3
	<Y>
		4

<Move>: 13
<Mat>
0 0 1 1 1 1 1 0 
1 1 1 0 0 0 1 0 
1 0 0 2 1 0 1 1 
1 0 1 0 0 3 0 1 
1 0 0 0 0 1 0 1 
1 1 0 1 0 0 0 1 
0 1 0 0 0 1 1 1 
0 1 1 1 1 1 0 0 

<Moves>
14

<winCounter>
0

<Position>
	<X>
		3
	<Y>
		5

<Move>: 14
<Mat>
0 0 1 1 1 1 1 0 
1 1 1 0 0 0 1 0 
1 0 0 2 1 0 1 1 
1 0 1 0 0 3 0 1 
1 0 0 0 0 1 0 1 
1 1 0 1 0 0 0 1 
0 1 0 0 0 1 1 1 
0 1 1 1 1 1 0 0 

<Moves>
15

<winCounter>
0

<Position>
	<X>
		2
	<Y>
		5

<Move>: 15
<Mat>
0 0 1 1 1 1 1 0 
1 1 1 0 0 0 1 0 
1 0 0 2 1 0 1 1 
1 0 1 0 0 3 0 1 
1 0 0 0 0 1 0 1 
1 1 0 1 0 0 0 1 
0 1 0 0 0 1 1 1 
0 1 1 1 1 1 0 0 

<Moves>
16

<winCounter>
0

<Position>
	<X>
		1
	<Y>
		5

<Move>: 16
<Mat>
0 0 1 1 1 1 1 0 
1 1 1 0 0 0 1 0 
1 0 0 2 1 0 1 1 
1 0 1 0 0 3 0 1 
1 0 0 0 0 1 0 1 
1 1 0 1 0 0 0 1 
0 1 0 0 0 1 1 1 
0 1 1 1 1 1 0 0 

<Moves>
17

<winCounter>
0

<Position>
	<X>
		1
	<Y>
		4

<Move>: 17
<Mat>
0 0 1 1 1 1 1 0 
1 1 1 0 0 0 1 0 
1 0 0 2 1 0 1 1 
1 0 1 0 0 3 0 1 
1 0 0 0 0 1 0 1 
1 1 0 1 0 0 0 1 
0 1 0 0 0 1 1 1 
0 1 1 1 1 1 0 0 

<Moves>
18

<winCounter>
0

<Position>
	<X>
		1
	<Y>
		3

<Move>: 18
<Mat>
0 0 1 1 1 1 1 0 
1 1 1 0 0 0 1 0 
1 0 0 0 1 0 1 1 
1 0 1 2 0 3 0 1 
1 0 0 0 0 1 0 1 
1 1 0 1 0 0 0 1 
0 1 0 0 0 1 1 1 
0 1 1 1 1 1 0 0 

<Moves>
19

<winCounter>
0

<Position>
	<X>
		2
	<Y>
		3

<Move>: 19
<Mat>
0 0 1 1 1 1 1 0 
1 1 1 0 0 0 1 0 
1 0 0 0 1 0 1 1 
1 0 1 0 0 3 0 1 
1 0 0 2 0 1 0 1 
1 1 0 1 0 0 0 1 
0 1 0 0 0 1 1 1 
0 1 1 1 1 1 0 0 

<Moves>
20

<winCounter>
0

<Position>
	<X>
		3
	<Y>
		3

<Move>: 1
<Mat>
0 0 1 1 1 1 1 0 
1 1 1 0 0 0 1 0 
1 0 2 0 1 0 1 1 
1 0 1 0 0 3 0 1 
1 0 0 0 0 1 0 1 
1 1 0 1 0 0 0 1 
0 1 0 0 0 1 1 1 
0 1 1 1 1 1 0 0 

<Moves>
3

<winCounter>
0

<Position>
	<X>
		4
	<Y>
		1

<Move>: 2
<Mat>
0 0 1 1 1 1 1 0 
1 1 1 0 0 0 1 0 
1 0 2 0 1 0 1 1 
1 0 1 0 0 3 0 1 
1 0 0 0 0 1 0 1 
1 1 0 1 0 0 0 1 
0 1 0 0 0 1 1 1 
0 1 1 1 1 1 0 0 

<Moves>
4

<winCounter>
0

<Position>
	<X>
		3
	<Y>
		1

<Move>: 3
<Mat>
0 0 1 1 1 1 1 0 
1 1 1 0 0 0 1 0 
1 0 2 0 1 0 1 1 
1 0 1 0 0 3 0 1 
1 0 0 0 0 1 0 1 
1 1 0 1 0 0 0 1 
0 1 0 0 0 1 1 1 
0 1 1 1 1 1 0 0 

<Moves>
5

<winCounter>
0

<Position>
	<X>
		2
	<Y>
		1

<Move>: 4
<Mat>
0 0 1 1 1 1 1 0 
1 1 1 0 0 0 1 0 
1 0 0 2 1 0 1 1 
1 0 1 0 0 3 0 1 
1 0 0 0 0 1 0 1 
1 1 0 1 0 0 0 1 
0 1 0 0 0 1 1 1 
0 1 1 1 1 1 0 0 

<Moves>
6

<winCounter>
0

<Position>
	<X>
		2
	<Y>
		2

<Move>: 5
<Mat>
0 0 1 1 1 1 1 0 
1 1 1 0 0 0 1 0 
1 0 0 2 1 0 1 1 
1 0 1 0 0 3 0 1 
1 0 0 0 0 1 0 1 
1 1 0 1 0 0 0 1 
0 1 0 0 0 1 1 1 
0 1 1 1 1 1 0 0 

<Moves>
7

<winCounter>
0

<Position>
	<X>
		2
	<Y>
		1

<Move>: 6
<Mat>
0 0 1 1 1 1 1 0 
1 1 1 0 0 0 1 0 
1 0 0 2 1 0 1 1 
1 0 1 0 0 3 0 1 
1 0 0 0 0 1 0 1 
1 1 0 1 0 0 0 1 
0 1 0 0 0 1 1 1 
0 1 1 1 1 1 0 0 

<Moves>
8

<winCounter>
0

<Position>
	<X>
		3
	<Y>
		1

<Move>: 7
<Mat>
0 0 1 1 1 1 1 0 
1 1 1 0 0 0 1 0 
1 0 0 2 1 0 1 1 
1 0 1 0 0 3 0 1 
1 0 0 0 0 1 0 1 
1 1 0 1 0 0 0 1 
0 1 0 0 0 1 1 1 
0 1 1 1 1 1 0 0 

<Moves>
9

<winCounter>
0

<Position>
	<X>
		4
	<Y>
		1

<Move>: 8
<Mat>
0 0 1 1 1 1 1 0 
1 1 1 0 0 0 1 0 
1 0 0 2 1 0 1 1 
1 0 1 0 0 3 0 1 
1 0 0 0 0 1 0 1 
1 1 0 1 0 0 0 1 
0 1 0 0 0 1 1 1 
0 1 1 1 1 1 0 0 

<Moves>
10

<winCounter>
0

<Position>
	<X>
		4
	<Y>
		2

<Move>: 9
<Mat>
0 0 1 1 1 1 1 0 
1 1 1 0 0 0 1 0 
1 0 0 2 1 0 1 1 
1 0 1 0 0 3 0 1 
1 0 0 0 0 1 0 1 
1 1 0 1 0 0 0 1 
0 1 0 0 0 1 1 1 
0 1 1 1 1 1 0 0 

<Moves>
11

<winCounter>
0

<Position>
	<X>
		4
	<Y>
		3

<Move>: 10
<Mat>
0 0 1 1 1 1 1 0 
1 1 1 0 0 0 1 0 
1 0 0 2 1 0 1 1 
1 0 1 0 0 3 0 1 
1 0 0 0 0 1 0 1 
1 1 0 1 0 0 0 1 
0 1 0 0 0 1 1 1 
0 1 1 1 1 1 0 0 

<Moves>
12

<winCounter>
0

<Position>
	<X>
		4
	<Y>
		4

<Move>: 11
<Mat>
0 0 1 1 1 1 1 0 
1 1 1 0 0 0 1 0 
1 0 0 2 1 0 1 1 
1 0 1 0 0 3 0 1 
1 0 0 0 0 1 0 1 
1 1 0 1 0 0 0 1 
0 1 0 0 0 1 1 1 
0 1 1 1 1 1 0 0 

<Moves>
13

<winCounter>
0

<Position>
	<X>
		3
	<Y>
		4

<Move>: 12
<Mat>
0 0 1 1 1 1 1 0 
1 1 1 0 0 0 1 0 
1 0 0 2 1 0 1 1 
1 0 1 0 0 3 0 1 
1 0 0 0 0 1 0 1 
1 1 0 1 0 0 0 1 
0 1 0 0 0 1 1 1 
0 1 1 1 1 1 0 0 

<Moves>
14

<winCounter>
0

<Position>
	<X>
		3
	<Y>
		5

<Move>: 13
<Mat>
0 0 1 1 1 1 1 0 
1 1 1 0 0 0 1 0 
1 0 0 2 1 0 1 1 
1 0 1 0 0 3 0 1 
1 0 0 0 0 1 0 1 
1 1 0 1 0 0 0 1 
0 1 0 0 0 1 1 1 
0 1 1 1 1 1 0 0 

<Moves>
15

<winCounter>
0

<Position>
	<X>
		2
	<Y>
		5

<Move>: 14
<Mat>
0 0 1 1 1 1 1 0 
1 1 1 0 0 0 1 0 
1 0 0 2 1 0 1 1 
1 0 1 0 0 3 0 1 
1 0 0 0 0 1 0 1 
1 1 0 1 0 0 0 1 
0 1 0 0 0 1 1 1 
0 1 1 1 1 1 0 0 

<Moves>
16

<winCounter>
0

<Position>
	<X>
		1
	<Y>
		5

<Move>: 15
<Mat>
0 0 1 1 1 1 1 0 
1 1 1 0 0 0 1 0 
1 0 0 2 1 0 1 1 
1 0 1 0 0 3 0 1 
1 0 0 0 0 1 0 1 
1 1 0 1 0 0 0 1 
0 1 0 0 0 1 1 1 
0 1 1 1 1 1 0 0 

<Moves>
17

<winCounter>
0

<Position>
	<X>
		1
	<Y>
		4

<Move>: 16
<Mat>
0 0 1 1 1 1 1 0 
1 1 1 0 0 0 1 0 
1 0 0 2 1 0 1 1 
1 0 1 0 0 3 0 1 
1 0 0 0 0 1 0 1 
1 1 0 1 0 0 0 1 
0 1 0 0 0 1 1 1 
0 1 1 1 1 1 0 0 

<Moves>
18

<winCounter>
0

<Position>
	<X>
		1
	<Y>
		3

<Move>: 17
<Mat>
0 0 1 1 1 1 1 0 
1 1 1 0 0 0 1 0 
1 0 0 0 1 0 1 1 
1 0 1 2 0 3 0 1 
1 0 0 0 0 1 0 1 
1 1 0 1 0 0 0 1 
0 1 0 0 0 1 1 1 
0 1 1 1 1 1 0 0 

<Moves>
19

<winCounter>
0

<Position>
	<X>
		2
	<Y>
		3

<Move>: 18
<Mat>
0 0 1 1 1 1 1 0 
1 1 1 0 0 0 1 0 
1 0 0 0 1 0 1 1 
1 0 1 0 0 3 0 1 
1 0 0 2 0 1 0 1 
1 1 0 1 0 0 0 1 
0 1 0 0 0 1 1 1 
0 1 1 1 1 1 0 0 

<Moves>
20

<winCounter>
0

<Position>
	<X>
		3
	<Y>
		3

<Move>: 19
<Mat>
0 0 1 1 1 1 1 0 
1 1 1 0 0 0 1 0 
1 0 0 0 1 0 1 1 
1 0 1 0 0 3 0 1 
1 0 0 2 0 1 0 1 
1 1 0 1 0 0 0 1 
0 1 0 0 0 1 1 1 
0 1 1 1 1 1 0 0 

<Moves>
21

<winCounter>
0

<Position>
	<X>
		2
	<Y>
		3

<Move>: 20
<Mat>
0 0 1 1 1 1 1 0 
1 1 1 0 0 0 1 0 
1 0 0 0 1 0 1 1 
1 0 1 0 0 3 0 1 
1 0 0 2 0 1 0 1 
1 1 0 1 0 0 0 1 
0 1 0 0 0 1 1 1 
0 1 1 1 1 1 0 0 

<Moves>
22

<winCounter>
0

<Position>
	<X>
		2
	<Y>
		2

<Move>: 21
<Mat>
0 0 1 1 1 1 1 0 
1 1 1 0 0 0 1 0 
1 0 0 0 1 0 1 1 
1 0 1 0 0 3 0 1 
1 0 0 2 0 1 0 1 
1 1 0 1 0 0 0 1 
0 1 0 0 0 1 1 1 
0 1 1 1 1 1 0 0 

<Moves>
23

<winCounter>
0

<Position>
	<X>
		2
	<Y>
		1

<Move>: 22
<Mat>
0 0 1 1 1 1 1 0 
1 1 1 0 0 0 1 0 
1 0 0 0 1 0 1 1 
1 0 1 0 0 3 0 1 
1 0 0 2 0 1 0 1 
1 1 0 1 0 0 0 1 
0 1 0 0 0 1 1 1 
0 1 1 1 1 1 0 0 

<Moves>
24

<winCounter>
0

<Position>
	<X>
		3
	<Y>
		1

<Move>: 23
<Mat>
0 0 1 1 1 1 1 0 
1 1 1 0 0 0 1 0 
1 0 0 0 1 0 1 1 
1 0 1 0 0 3 0 1 
1 0 0 2 0 1 0 1 
1 1 0 1 0 0 0 1 
0 1 0 0 0 1 1 1 
0 1 1 1 1 1 0 0 

<Moves>
25

<winCounter>
0

<Position>
	<X>
		4
	<Y>
		1

<Move>: 24
<Mat>
0 0 1 1 1 1 1 0 
1 1 1 0 0 0 1 0 
1 0 0 0 1 0 1 1 
1 0 1 0 0 3 0 1 
1 0 0 2 0 1 0 1 
1 1 0 1 0 0 0 1 
0 1 0 0 0 1 1 1 
0 1 1 1 1 1 0 0 

<Moves>
26

<winCounter>
0

<Position>
	<X>
		4
	<Y>
		2

<Move>: 25
<Mat>
0 0 1 1 1 1 1 0 
1 1 1 0 0 0 1 0 
1 0 0 0 1 0 1 1 
1 0 1 0 0 3 0 1 
1 0 0 0 2 1 0 1 
1 1 0 1 0 0 0 1 
0 1 0 0 0 1 1 1 
0 1 1 1 1 1 0 0 

<Moves>
27

<winCounter>
0

<Position>
	<X>
		4
	<Y>
		3

<Move>: 26
<Mat>
0 0 1 1 1 1 1 0 
1 1 1 0 0 0 1 0 
1 0 0 0 1 0 1 1 
1 0 1 0 0 3 0 1 
1 0 0 0 2 1 0 1 
1 1 0 1 0 0 0 1 
0 1 0 0 0 1 1 1 
0 1 1 1 1 1 0 0 

<Moves>
28

<winCounter>
0

<Position>
	<X>
		4
	<Y>
		2

<Move>: 27
<Mat>
0 0 1 1 1 1 1 0 
1 1 1 0 0 0 1 0 
1 0 0 0 1 0 1 1 
1 0 1 0 0 3 0 1 
1 0 0 0 2 1 0 1 
1 1 0 1 0 0 0 1 
0 1 0 0 0 1 1 1 
0 1 1 1 1 1 0 0 

<Moves>
29

<winCounter>
0

<Position>
	<X>
		5
	<Y>
		2

<Move>: 28
<Mat>
0 0 1 1 1 1 1 0 
1 1 1 0 0 0 1 0 
1 0 0 0 1 0 1 1 
1 0 1 0 0 3 0 1 
1 0 0 0 2 1 0 1 
1 1 0 1 0 0 0 1 
0 1 0 0 0 1 1 1 
0 1 1 1 1 1 0 0 

<Moves>
30

<winCounter>
0

<Position>
	<X>
		6
	<Y>
		2

<Move>: 29
<Mat>
0 0 1 1 1 1 1 0 
1 1 1 0 0 0 1 0 
1 0 0 0 1 0 1 1 
1 0 1 0 0 3 0 1 
1 0 0 0 2 1 0 1 
1 1 0 1 0 0 0 1 
0 1 0 0 0 1 1 1 
0 1 1 1 1 1 0 0 

<Moves>
31

<winCounter>
0

<Position>
	<X>
		6
	<Y>
		3

<Move>: 30
<Mat>
0 0 1 1 1 1 1 0 
1 1 1 0 0 0 1 0 
1 0 0 0 1 0 1 1 
1 0 1 0 0 3 0 1 
1 0 0 0 2 1 0 1 
1 1 0 1 0 0 0 1 
0 1 0 0 0 1 1 1 
0 1 1 1 1 1 0 0 

<Moves>
32

<winCounter>
0

<Position>
	<X>
		6
	<Y>
		4

<Move>: 31
<Mat>
0 0 1 1 1 1 1 0 
1 1 1 0 0 0 1 0 
1 0 0 0 1 0 1 1 
1 0 1 0 0 3 0 1 
1 0 0 0 2 1 0 1 
1 1 0 1 0 0 0 1 
0 1 0 0 0 1 1 1 
0 1 1 1 1 1 0 0 

<Moves>
33

<winCounter>
0

<Position>
	<X>
		5
	<Y>
		4

<Move>: 32
<Mat>
0 0 1 1 1 1 1 0 
1 1 1 0 0 0 1 0 
1 0 0 0 1 0 1 1 
1 0 1 0 2 3 0 1 
1 0 0 0 0 1 0 1 
1 1 0 1 0 0 0 1 
0 1 0 0 0 1 1 1 
0 1 1 1 1 1 0 0 

<Moves>
34

<winCounter>
0

<Position>
	<X>
		4
	<Y>
		4

<Move>: 33
<Mat>
0 0 1 1 1 1 1 0 
1 1 1 0 0 0 1 0 
1 0 0 0 1 0 1 1 
1 0 1 0 2 3 0 1 
1 0 0 0 0 1 0 1 
1 1 0 1 0 0 0 1 
0 1 0 0 0 1 1 1 
0 1 1 1 1 1 0 0 

<Moves>
35

<winCounter>
0

<Position>
	<X>
		4
	<Y>
		3

<Move>: 34
<Mat>
0 0 1 1 1 1 1 0 
1 1 1 0 0 0 1 0 
1 0 0 0 1 0 1 1 
1 0 1 0 2 3 0 1 
1 0 0 0 0 1 0 1 
1 1 0 1 0 0 0 1 
0 1 0 0 0 1 1 1 
0 1 1 1 1 1 0 0 

<Moves>
36

<winCounter>
0

<Position>
	<X>
		3
	<Y>
		3

<Move>: 35
<Mat>
0 0 1 1 1 1 1 0 
1 1 1 0 0 0 1 0 
1 0 0 0 1 0 1 1 
1 0 1 0 0 4 0 1 
1 0 0 0 0 1 0 1 
1 1 0 1 0 0 0 1 
0 1 0 0 0 1 1 1 
0 1 1 1 1 1 0 0 

<Moves>
37

<winCounter>
1

<Position>
	<X>
		3
	<Y>
		4

